  3199652     3467     1652      485     1227      487
     1230      486      398      458      374      484
      374      484     1231      485      376      483
      373      484     1233      484     1232      485
      375      483     1229      486      376      482
      399      459     1233      485     1230      484
      374      484     1232      486     1230      484
      375      483      376      483     1230      485
      374      484      400      459     1232      485
      399      459      373      485      371      485
      400      459      373      485      374      484
      374      484      373      485      374      489
      369      484      375      484      376      483
      399      458      375      483      372      485
      376      482      376      482      400      458
      374      484      375      484     1230      485
      374      485      399      458      400      459
      399      459      373      485     1235      482
      398      459      373      485      399      459
      374      484     1235      483      373      485
      374      484     1232      484      373      484
      375      484      374      484      374      482
      375      488      370      484      375      483
      399      458     1232      485     1232      486
      372      484      374      484      374      484
      375      483      373      488      376      481
      373      483      376      484     1229      485
      374      484      376      483      372      485
      373      485      376      484      372      484
      376      483      374      484      374      484
      399      459      399      459      399      459
      373      484      376      485      397      459
      375      483      374      484      377      489
      393      459      373      484      373      484
      376      483      375      482      375      483
      376      482      375      483      375      484
      374      483      376      484      373      483
      376      482      399      460      374      483
      401      458      375      483      374      485
      374      483      401      459      372      484
      374      484      375      483      375      485
      374      484      374      484      373      484
      373      484      375      484      373      485
      375      482      375      483      400      458
      375      484      376      487      369      484
      373      485      375      483      376      482
      400      458     1232      486     1230      484
      374      484     1233      484     1231      484
      374      484     1232      484     7164      675
     5405     3497     1651      486     1233      484
     1231      485      375      483      372      485
      375      482     1232      485      375      484
      372      485     1233      484     1229      486
      375      485     1230      485      381      478
      375      483     1230      484     1233      485
      374      484     1230      484     1233      484
      375      485      372      489     1229      483
      375      484      374      484     1205      510
      374      484      373      486      373      485
      376      483      374      484      373      487
      370      484      375      483      373      485
      374      483      377      483      376      481
      373      485      375      484      374      484
      375      485      399      458      374      484
      374      483      375      483     1232      484
      375      483      373      485      374      484
      374      484      373      486     1232      484
      374      484      375      482      375      484
      375      484     1230      485      374      484
      399      459     1231      486      372      485
      384      474      375      483      373      485
      377      483      373      484      374      483
      376      482     1232      485     1232      485
      375      483      374      483      374      484
      376      482      375      483      373      486
      373      484      375      483     1232      485
      372      485      375      484      373      490
      371      482      373      483      375      484
      374      484      376      482      375      483
      376      484      374      484      374      484
      372      485      401      458      400      459
      373      484      373      485      399      458
      374      484      399      459      374      484
      374      485      374      483      399      460
      374      483      373      486      399      459
      374      484      374      484      399      459
      399      459      374      484      375      483
      375      484      374      484      375      484
      372      483      379      486      371      482
      374      485      372      484      374      483
      375      484      400      459      372      484
      376      483      399      460      374      484
      375      482      376      483      375      483
      374      484      374      484      373      484
      377      482      373      485      374      484
      377      483     1231      483     1231      485
      376      483     1232      483     1232      484
      377      483     1206      507  2236777      178
  2648272     3484     1629      512     1231      487
     1231      485      373      484      373      484
      373      485     1233      484      375      483
      399      459     1232      483     1240      477
      375      482     1234      483      375      483
      374      484     1233      484     1230      485
      375      491     1222      487     1232      485
      372      485      375      484     1230      485
      374      484      371      487     1231      493
      366      484      373      485      400      458
      400      458      374      484      374      484
      374      483      376      483      374      484
      376      483      373      484      381      478
      375      483      375      483      374      484
      373      498      386      458      375      483
      377      482      400      458      374      484
      399      459      399      466      366      485
      375      483      374      484     1231      486
      401      457      401      458      375      483
      373      483     1233      485      372      483
      375      484     1232      484      375      484
      374      484      374      483      374      484
      374      485      399      458      374      485
      399      459     1241      475     1235      483
      399      459      372      484      375      483
      373      486      373      484      376      482
      377      483      398      466     1197      511
      350      510      374      483      374      482
      377      483      375      483      375      484
      372      485      374      484      375      484
      373      491      368      484      374      484
      398      459      375      483      373      485
      400      459      373      485      399      459
      374      483      375      483      374      484
      379      480      373      485      376      482
      376      483      372      485      374      484
      375      483      374      484      399      459
      399      458      374      486      374      492
      365      484      375      485      374      484
      371      485      376      483      373      484
      375      482      376      483      376      483
      399      459      374      484      373      486
      398      459      374      484      399      459
      375      485      372      484      374      484
      400      458      375      483      375      483
      374      484      375      483      383      477
      374      483     1233      482     1245      475
      374      482     1230      485      374      483
      375      484     1230      487    13254     3480
     1657      485     1232      484     1231      485
      373      484      402      458      377      482
     1230      484      374      484      374      484
     1220      496     1232      485      374      483
     1233      485      372      485      373      484
     1231      486     1208      508      373      485
     1233      484     1230      485      373      486
      375      482     1231      489      397      459
      397      459     1234      484      374      484
      373      483      376      484      374      484
      375      483      374      484      374      483
      374      484      375      483      375      490
      393      458      401      459      373      484
      373      484      376      482      375      485
      374      483      376      482      372      485
      374      484      374      485      379      478
      375      483      378      481      375      484
      373      484     1231      485      373      485
      399      459      374      484      374      484
     1230      486      373      485      374      485
     1230      485      377      482      373      485
      375      484      373      483      375      482
      374      485      375      490      368      483
     1231      485     1232      484      374      484
      375      482      375      484      400      459
      373      485      373      484      375      486
      373      483     1233      485      397      459
      373      485      375      483      376      482
      401      459      373      484      373      485
      399      459      375      483      374      484
      373      483      376      484      401      458
      372      485      375      484      374      485
      372      484      399      459      375      483
      399      458      376      483      375      483
      373      485      375      483      400      459
      374      484      373      484      400      458
      377      483      372      484      374      484
      407      452      375      482      375      483
      375      483      375      484      376      483
      372      484      401      459      400      459
      373      483      373      485      400      465
      368      483      400      458      373      485
      374      484      377      480      375      485
      374      484      375      483      373      485
      374      485      373      483      374      491
      368      484      373      484      374      485
     1233      483     1234      483      373      484
     1232      484      375      483      374      484
     1231      485  3803961     3486     1665      476
     1231      485     1232      486      372      484
      391      466      374      485     1231      485
      382      477      399      458     1232      485
     1232      484      376      483     1229      485
      376      483      399      459     1240      478
     1229      485      373      485     1233      484
     1234      509      353      478      375      484
     1229      502      372      469      376      482
     1235      483      375      482      373      486
      372      484      375      484      375      483
      374      482      401      459      384      474
      374      484      350      508      401      458
      348      510      377      481      375      484
      371      485      375      483      399      459
      375      484      373      485      375      483
     1233      487      370      486      377      482
      397      462      397      457      374      484
     1207      510      399      458      399      460
      399      458      373      485     1232      485
      376      483      374      483     1231      486
      373      483      377      482      400      459
      373      483      372      487      372      486
      374      484      399      458     1232      484
     1232      485      399      459      373      485
      376      482      373      485      374      484
      401      459      373      483      376      484
     1231      484      372      483      376      485
      372      486      399      459      375      484
      372      485      373      485      399      458
      375      483      375      483      374      485
      374      485      374      483      376      483
      374      483      375      483      373      485
      402      456      375      484      374      485
      374      483      372      485      375      483
      374      484      375      484      374      483
      375      484      375      491      392      458
      399      460      372      485      375      483
      374      483      375      484      399      459
      399      459      375      483      376      484
      396      461      399      466      366      484
      376      483      373      485      400      458
      372      485      374      484      374      484
      374      484      399      459      374      484
      376      482      374      485      376      483
      373      483      400      459      373      485
      374      482      377      483     1233      485
     1230      485      373      492     1249      459
     1229      487      374      485     1204      511
    13216     3529     1622      510     1235      482
     1232      485      374      484      398      466
      367      484     1232      484      375      485
      372      484     1232      486     1230      484
      401      459     1230      492      393      459
      373      485     1226      488     1234      483
      400      458     1230      486     1232      483
      382      476      374      485     1206      509
      400      459      375      485     1229      485
      399      459      399      459      371      487
      375      491      368      483      400      459
      373      483      374      484      376      482
      374      485      373      484      375      484
      374      483      375      483      375      483
      376      484      399      459      375      483
      373      483      349      509     1231      486
      399      459      400      458      375      483
      400      458      373      485     1238      478
      376      483      372      485      374      484
      401      459     1230      485      373      484
      376      482     1233      492      392      456
      375      484      376      483      373      485
      378      481      374      483      375      483
      374      484     1231      497     1221      486
      373      484      371      485      375      483
      376      483      374      484      374      484
      373      485      373      484     1233      484
      399      459      383      475      374      484
      374      484      373      485      373      485
      373      483      377      483      375      483
      376      484      375      483      400      459
      371      491      370      483      399      459
      375      482      399      458      400      459
      375      482      374      484      375      484
      399      459      399      459      373      485
      375      483      373      485      399      458
      377      482      400      458      399      459
      373      485      374      484      375      483
      377      483      399      458      376      483
      371      485      401      459      399      459
      374      484      373      483      400      459
      374      483      377      481      375      484
      373      485      374      484      375      489
      368      484      375      483      374      484
      375      483      374      484      374      484
      376      482      374      484      375      484
      375      484     1236      478     1233      484
      375      483     1231      485     1231      485
      400      460     1229      484  3835445     3488
     1654      484     1230      486     1233      484
      373      484      376      484      374      484
     1229      485      374      484      391      466
     1233      484     1233      485      375      484
     1228      486      375      483      399      458
     1233      484     1238      478      374      484
     1233      484     1230      485      375      483
      374      484     1231      485      400      459
      372      485     1233      485      374      484
      374      483      375      483      374      484
      374      484      373      484      375      484
      401      459      375      482      374      483
      375      483      376      484      375      482
      376      483      372      484      373      486
      376      481      375      484      372      485
      401      459      373      485      374      482
      376      484      373      485      376      482
      400      459     1230      485      375      481
      374      484      375      484      374      484
     1231      486      375      483      374      484
     1232      484      401      457      373      484
      375      483      375      484      399      459
      375      483      374      484      373      485
     1231      485     1230      486      399      459
      399      459      375      484      373      485
      375      483      373      484      374      484
      372      486     1229      485      400      458
      374      484      399      459      376      482
      374      484      376      484      399      458
      376      488      393      459      373      487
      373      483      374      484      373      485
      376      483      399      459      372      485
      374      485      374      483      373      485
      380      478      347      510      373      486
      374      484      374      484      373      485
      375      483      400      458      376      482
      375      483      377      483      374      484
      400      458      371      485      375      484
      376      481      374      485      375      482
      377      484      398      460      372      484
      375      484      399      458      373      489
      370      484      373      485      400      458
      375      483      374      484      373      485
      374      484      374      485      375      483
      373      484      376      484      378      480
      376      483      397      459      375      483
     1233      485     1255      460      372      484
     1234      484      374      489      370      483
     1230      485    13245     3491     1638      503
     1232      484     1234      484      373      485
      372      484      376      482     1209      507
      374      489      371      484     1229      486
     1231      484      377      483     1229      486
      375      485      399      458     1231      489
     1203      508      374      485     1231      484
     1230      487      376      483      400      458
     1230      484      379      480      375      482
     1232      484      400      459      374      484
      374      484      374      484      374      484
      373      485      399      459      374      488
      372      483      373      485      398      459
      373      485      375      483      376      482
      400      458      375      483      374      484
      374      484      399      459      400      463
      372      483      375      484      371      484
      374      485      374      484      375      483
     1233      484      400      458      375      484
      374      483      378      479     1234      482
      374      484      376      482     1231      486
      374      484      374      484      373      485
      373      484      375      484      399      459
      401      458      373      484     1231      487
     1228      486      374      484      374      484
      400      458      373      485      373      490
      370      492      391      458      376      482
     1208      509      399      458      400      458
      400      459      374      484      374      484
      373      485      379      479      399      459
      375      483      377      482      400      459
      373      485      372      484      375      483
      374      483      376      484      374      483
      376      489      368      484      374      484
      377      482      373      484      375      483
      373      484      375      484      373      484
      375      483      375      484      375      483
      399      459      399      459      374      484
      374      484      374      486      374      483
      376      483      374      482      399      459
      375      483      375      483      375      484
      379      480      374      483      400      458
      400      459      373      484      399      459
      374      484      374      484      374      484
      373      485      373      484      375      489
      395      459      348      509      377      481
      399      460      376      483     1230      484
     1230      486      374      485     1231      485
      374      484      374      483     1233      483
  4179319     3488     1653      486     1236      479
     1231      485      373      485      375      484
      373      485     1203      512      374      484
      373      485     1231      490     1227      484
      375      484     1229      486      374      484
      374      483     1232      485     1231      485
      375      488     1225      486     1232      484
      373      485      375      483     1232      484
      375      483      376      483     1236      480
      373      485      377      481      373      485
      373      485      375      483      375      483
      375      482      377      483      400      459
      398      458      374      488      370      484
      400      458      373      485      400      459
      372      486      373      486      376      483
      372      484      376      482     1229      487
      375      484      374      483      374      484
      399      459      376      482     1231      485
      373      485      373      485      375      483
      375      483     1240      476      374      485
      398      459     1231      485      400      458
      374      484      374      484      401      459
      373      484      394      463      375      490
      368      484     1232      485     1230      485
      400      458      374      483      376      485
      399      459      374      484      398      458
      373      490      370      483     1232      484
      376      482      376      484      373      484
      373      484      375      483      377      482
      375      484      400      459      377      478
      401      458      399      459      348      510
      373      485      374      484      375      482
      376      483      376      483      376      481
      374      484      374      489      369      484
      374      484      376      482      374      485
      373      484      377      483      373      483
      375      483      375      483      402      459
      374      483      400      463      368      484
      374      483      375      484      374      484
      374      484      374      484      400      458
      400      459      375      484      373      483
      373      495      395      454      374      484
      375      483      373      485      375      483
      398      460      374      485      373      484
      375      483      399      459      377      483
      375      487      370      483      374      486
      371      484     1231      485     1233      482
      375      484     1233      485     1230      484
      375      484     1231      484    13217     3505
     1664      480     1242      484     1234      484
      375      483      374      484      399      458
     1207      509      405      454      376      483
     1232      483     1232      484      377      481
     1204      512      375      483      374      484
     1237      479     1232      484      375      483
     1232      484     1234      484      398      458
      378      481     1233      488      369      483
      376      482     1231      486      400      458
      375      483      375      483      375      483
      400      459      373      484      377      483
      378      478      402      458      373      485
      374      483      375      482      374      484
      374      484      401      458      399      459
      376      481      375      484      376      483
      377      480     1207      509      373      485
      402      458      373      484      372      484
      377      483     1231      484      374      486
      376      487      392      459      375      484
     1231      485      372      486      373      485
     1232      484      373      485      376      483
      372      485      404      455      373      484
      399      459      375      484      373      485
     1232      483     1231      485      375      483
      377      483      372      484      376      483
      373      485      376      482      373      485
      399      459     1232      485      373      484
      376      484      373      484      375      484
      372      486      371      485      374      484
      399      459      399      459      399      459
      374      488      396      459      373      484
      375      484      375      483      373      484
      376      484      372      485      374      484
      375      484      398      458      377      484
      373      484      375      483      374      483
      375      485      374      483      375      484
      372      485      372      485      399      460
      374      483      399      460      398      460
      374      484      374      484      374      483
      376      483      374      485      372      485
      374      484      374      484      373      485
      399      460      398      460      400      459
      374      483      373      486      373      483
      376      484      399      459      373      485
      398      459      374      483      375      484
      373      485      399      458      375      494
     1220      485     1207      510      374      489
     1226      485     1231      485      374      484
     1233      485  2650780     3459     1684      459
     1256      459     1258      458      402      457
      400      458      425      431     1258      467
      393      458      401      456     1258      459
     1257      458      402      456     1259      458
      400      458      398      460     1266      452
     1255      458      402      457     1232      484
     1259      459      398      459      401      458
     1255      459      401      458      399      457
     1260      458      401      456      401      458
      401      456      402      457      399      459
      400      458      400      457      402      458
      398      459      399      459      400      458
      401      457      399      459      401      457
      425      434      401      457      423      434
      401      457      408      450      400      458
      400      459      401      456      401      458
      399      459      399      458      401      457
     1258      459      402      457      401      457
      433      425      399      458     1234      484
      400      455      401      458     1257      459
      401      458      424      434      401      456
      399      466      395      457      401      456
      401      458      425      433     1257      458
     1260      458      400      459      398      458
      400      458      408      449      402      457
      401      457      403      457      398      458
     1260      460      424      433      398      459
      400      475      381      459      400      458
      403      455      399      459      399      459
      402      457      398      459      402      457
      401      457      397      460      400      458
      400      458      400      458      400      466
      393      457      401      457      377      482
      401      456      402      456      401      458
      401      456      402      458      399      458
      400      458      400      458      434      425
      399      458      401      457      425      433
      402      456      400      458      400      458
      400      458      402      457      399      458
      399      459      426      433      400      457
      403      458      399      458      399      459
      400      457      399      459      425      433
      424      434      400      458      400      458
      402      457      399      465      420      433
      398      458      400      458      399      459
      400      458      402      456     1256      460
     1258      459      425      432     1265      452
      401      457      401      457     1257      461
    13266     3468     1658      482     1258      459
     1257      458      401      458      401      459
      397      459     1265      451      400      459
      404      453     1261      456     1257      459
      400      458     1257      458      401      468
      389      458     1258      460     1255      458
      402      459     1232      482     1258      459
      424      434      400      465     1252      459
      398      459      398      459     1258      458
      401      457      401      457      401      458
      400      457      400      458      399      459
      427      433      399      457      401      457
      401      458      403      456      398      458
      401      458      399      459      400      456
      427      433      399      466      393      458
      402      457      399      458      399      459
      399      459      400      460      397      459
      424      434      401      457     1258      459
      374      491      392      458      402      457
      400      458     1256      462      398      459
      400      459     1256      459      398      459
      399      459      432      426      401      459
      399      457      401      457      400      458
      402      458     1255      459     1257      459
      402      458      399      465      392      459
      399      459      399      458      400      458
      403      457      401      457     1257      459
      401      456      400      458      399      459
      400      460      398      458      401      459
      400      457      400      458      402      457
      399      458      400      456      427      433
      400      458      402      456      400      458
      406      452      424      434      400      458
      400      458      401      469      387      459
      427      433      399      458      400      459
      398      458      400      458      401      464
      393      458      401      457      413      447
      400      458      424      433      400      459
      398      458      402      456      403      456
      401      456      402      457      400      457
      401      458      400      458      402      456
      399      459      399      459      399      459
      402      458      399      458      401      456
      399      459      399      460      400      458
      425      433      399      459      400      459
      400      458      398      459      403      456
      399      457     1258      459     1258      468
      391      458     1258      459      425      432
      401      456     1257      459  2604946     3462
     1682      459     1258      458     1258      460
      397      459      402      456      400      458
     1257      459      400      458      425      434
     1282      434     1257      460      401      458
     1255      459      400      458      425      433
     1258      459     1255      460      401      458
     1257      460     1255      459      400      458
      401      459     1254      461      400      458
      400      458     1259      458      401      457
      400      458      399      458      400      458
      399      458      401      457      400      459
      400      458      399      459      399      459
      427      433      400      458      399      459
      405      453      423      433      400      458
      400      458      400      458      426      433
      399      459     1256      460      401      457
      404      454      400      458      400      458
      402      456     1258      459      398      459
      400      458      400      458      402      455
     1260      459      399      459      399      459
     1258      458      423      434      401      458
      425      432      398      459      401      458
      399      459      400      458      401      457
     1263      453     1257      459      399      459
      398      460      399      459      401      457
      401      457      403      457      399      457
      401      459     1229      485      401      457
      401      457      401      458      400      458
      400      459      400      456      401      457
      400      459      425      432      399      460
      400      458      399      459      401      456
      402      459      397      459      401      457
      400      458      402      458      400      458
      400      458      397      459      400      458
      405      453      401      457      401      458
      399      458      400      458      401      457
      402      458      399      458      399      458
      426      432      402      457      401      456
      427      432      401      457      425      432
      403      458      397      459      402      457
      399      459      401      458      400      457
      401      458      400      456      400      458
      399      460      398      460      399      458
      400      459      400      457      402      457
      402      457      400      457      400      458
      398      459      402      457      404      454
     1259      458     1256      459      399      459
     1258      458     1257      460      400      458
     1258      458    13269     3466     1683      458
     1259      459     1257      459      399      459
      398      459      400      464     1255      456
      401      458      422      434     1233      485
     1231      483      402      458     1257      458
      403      456      399      458     1257      458
     1234      485      399      458     1256      459
     1257      458      402      458      398      459
     1257      459      425      433      402      457
     1261      454      425      434      398      460
      424      433      402      458      401      457
      399      459      398      458      401      457
      399      460      399      459      399      458
      425      434      401      456      425      434
      399      459      402      457      400      458
      400      458      398      459      400      457
     1257      460      400      458      401      457
      403      455      400      458      400      458
     1257      459      400      459      424      433
      401      458      401      458     1261      454
      399      458      402      457     1261      455
      399      459      400      458      399      459
      400      458      403      457      397      459
      400      458      402      456     1256      460
     1260      458      399      459      398      459
      399      458      399      459      400      458
      426      433      424      434      401      457
     1257      459      402      456      400      458
      400      458      399      458      401      458
      400      458      400      458      405      454
      400      457      402      458      399      459
      404      455      398      458      401      458
      400      458      403      459      396      458
      399      457      400      459      399      458
      402      457      400      458      401      457
      400      458      424      434      399      459
      400      458      426      432      402      456
      401      458      399      459      400      458
      398      460      400      458      400      459
      401      457      400      457      426      433
      400      458      402      457      399      457
      399      459      406      451      401      458
      400      458      400      458      399      459
      400      459      398      459      400      458
      400      458      401      458      398      459
      426      433      425      432      401      458
      398      460      426      433     1255      460
     1257      459      402      458     1255      459
     1257      459      402      458     1256      458
  2390871     3478     1658      486     1229      485
     1230      486      399      459      373      485
      374      484     1232      485      400      458
      373      483     1239      478     1231      485
      373      485     1233      485      373      485
      374      484     1229      485     1237      479
      416      444     1232      483     1233      484
      374      484      398      459     1231      485
      373      485      374      490     1224      486
      374      484      375      483      374      484
      376      481      376      485      374      483
      374      483      375      483      373      485
      381      477      375      484      400      459
      374      483      375      482      374      484
      374      485      375      484      375      483
      373      484      374      483      375      490
      368      484      375      483      374      484
      374      484      374      484     1232      485
      376      481      403      461      370      484
      373      483     1255      463      374      483
      374      484     1232      484      400      458
      399      458      402      458      373      484
      374      483      376      483      383      476
      374      482     1234      485     1231      483
      376      483      399      458      399      460
      373      484      375      483      376      489
      369      483      373      485     1231      485
      374      484      375      484      375      484
      372      484      375      484      374      483
      378      480      373      485      374      484
      375      484      398      459      374      485
      399      458      377      481      374      484
      375      483      374      484      401      459
      374      484      404      454      371      485
      375      484      374      483      374      485
      374      484      376      483      374      485
      397      459      376      484      370      485
      374      490      370      484      373      484
      374      485      374      483      375      483
      374      485      373      485      372      485
      375      484      373      485      375      484
      378      480      376      483      397      459
      373      485      376      482      374      484
      375      483      376      484      399      458
      374      483      375      484      374      484
      376      482      399      459      375      483
      372      485     1231      485     1231      485
      374      484     1231      485      375      489
      395      457     1233      485    13249     3485
     1657      484     1234      483     1231      484
      377      482      375      484      398      459
     1231      485      375      488      369      484
     1207      508     1233      486      374      482
     1231      485      376      482      377      481
     1238      480     1229      486      376      483
     1230      484     1232      485      375      483
      373      485     1232      489      369      484
      374      483     1233      484      374      484
      375      483      375      483      376      481
      375      484      376      482      402      457
      399      463      372      481      349      509
      377      482      374      483      374      484
      400      459      375      482      375      484
      375      482      376      482      377      483
      378      478      401      457      375      483
      378      481      375      482      376      482
      375      482     1233      484      401      457
      376      477      407      461      372      480
     1236      462      396      460      399      482
     1232      461      398      459      401      457
      398      460      399      460      400      463
      417      435      398      460      400      459
     1255      461     1255      460      400      459
      398      459      400      459      398      459
      403      456      397      460      401      459
      398      460     1255      459      398      461
      398      460      398      459      399      460
      399      459      402      462      419      434
      398      458      426      434      395      462
      424      434      399      460      397      460
      399      459      398      460      424      434
      425      434      398      464      393      459
      400      459      398      460      401      459
      399      459      399      459      399      458
      399      459      400      458      399      458
      400      459      407      452      399      459
      397      460      400      459      423      434
      399      459      398      460      400      458
      399      459      399      459      425      434
      401      461      393      460      399      460
      399      458      398      460      401      459
      399      458      400      459      422      434
      399      459      401      457      425      434
      398      464      396      459      397      461
      423      433      427      433      397      459
     1258      458     1259      460      400      457
     1236      480      398      460      401      458
     1253      461