  2783679     3485     1681      460     1255      460
     1257      459      400      458      402      455
      402      457     1258      458      400      459
      399      458     1257      460     1233      482
      401      458     1257      459      400      458
      425      433     1259      458     1257      459
      399      458     1257      460     1256      460
      399      459      400      458     1258      459
      401      458      397      459     1257      460
      399      458      401      457      401      458
      399      459      399      459      401      457
      401      458      404      453      400      458
      400      458      400      458      400      459
      399      458      426      432      401      458
      399      458      426      432      400      459
      426      433      398      459     1256      460
      400      458      402      458      425      433
      400      458      400      458     1255      460
      401      458      400      458      400      458
      397      460      400      458      400      458
      425      433     1258      459      399      459
      399      459      399      459      401      459
      403      453      400      458      425      433
      400      459     1257      459     1256      459
      400      458      400      459      426      433
      400      457      401      458      398      459
      401      457      400      458     1257      459
      425      433      402      458      399      459
      398      458      401      458      426      433
      399      459      401      458      398      458
      401      457      424      434      401      458
      399      458      400      462      396      458
      400      459      426      434      403      452
      426      433      400      458      400      458
      400      458      425      433      400      458
      399      459      402      458      425      433
      399      457      400      459      402      458
      399      458      400      458      398      459
      399      459      401      457      401      457
      399      459      399      459      401      457
      399      460      401      458      398      459
      399      458      400      459      399      459
      400      458      400      458      425      433
      399      459      403      457      399      459
      398      459      404      454      400      459
      401      457      399      459      398      459
     1258      458      400      458     1257      459
      399      460     1258      459     1255      460
      399      459     1256      460    13249     3466
     1692      460     1266      483     1234      459
      400      458      400      459      399      459
     1256      460      400      458      402      457
     1256      459     1256      460      400      458
     1257      460      400      458      398      460
     1257      458     1258      459      399      459
     1257      459     1258      460      397      459
      403      455     1257      460      399      458
      401      458     1256      460      399      459
      400      458      425      433      399      459
      400      459      398      459      427      433
      399      458      401      458      399      459
      398      459      425      433      399      459
      401      457      400      458      424      434
      399      459      401      459      399      459
      399      458     1256      460      399      459
      426      433      400      458      400      457
      401      458     1259      457      400      458
      400      459      398      458      399      459
      400      458      399      459      399      460
     1258      458      400      458      401      457
      399      459      402      458      398      459
      399      458      401      482      375      458
     1260      462     1252      459      399      458
      401      458      401      458      402      480
      376      458      398      483      375      459
      400      458     1257      460      400      458
      401      458      398      458      404      454
      401      458      400      459      400      458
      398      459      399      459      400      458
      399      459      399      459      425      433
      401      458      398      460      400      458
      401      458      398      459      425      453
      380      482      377      459      396      459
      400      459      425      433      400      458
      400      460      398      468      390      459
      399      459      400      460      425      433
      398      458      400      458      400      458
      400      458      400      458      399      459
      400      458      407      452      399      458
      413      447      401      458      405      452
      399      480      380      481      375      458
      400      457      401      458      400      458
      403      457      423      434      400      457
      400      458      401      459      400      482
      374      459      425      433     1257      466
      392      459     1257      459      400      458
     1259      459     1254      460      399      483
     1233      460   635203      198   921065        0
      167       78      201       76      232       77
      154       78       77       77       77      156
       77       78       77      124       77       77
      124      124       77       77      155       77
      154       79       77       78      123      124
       77       78      123      122     4498       15
       10        9       10       10       10       10
       10       10       10       10       11        9
       10       10       10       10       10       26
       15       10       10       10       10
       10       10       10       10       10        9
       11       10       10       10       10       10
       10      201       15       10       10       10
       10       10       10       10       10       10
       10       10       10       10       10       10
       10       10       10       10       10       10
       10       10       10       10       10      125
       15       10       10       10       10       10
       10       10       10       10       10       10
       10       10       10       10       10       10
       10       10       10       10       10       10
       10       10       10      110       15       10
       10       10       10       10       10       10
       10       10       10       10       10       10
       10       10       10       10       10       10
       10       10       10       10       10       10
       10      111       16        9       11       10
        9       11       10       10        9       10
       10       11       10        9       10       11
       10        9       10       10       10       11
       10        9       10       10       10      105
       16       10        9       10       11       10
        9       10       11        9       11        9
       10       11       10        9       10       10
       11        9       10       10       11       10
       10       10        9      104       15       10
       10       10       10       10       10       10
       10       10       10       10       10       10
       10       10       10       10       10       10
       10       10       10       10       10       10
       10      103       15       10       10       10
       10       10       10       10       10       10
       10       10       10       10       10       10
       10       10       10       10       10       10
       10       10       10       10       10      123
       15       10       10       10       10       10
       10       10       10       10       10       10
       10       10       10       10       10       10
       10       10       10       10       10       10
       10       10       10   155050     3482     1656
       485
     1231      485     1231      485      374      484
      374      484      375      483     1230      486
      375      484      374      483     1208      509
     1230      486      374      485     1234      481
      374      484      399      459     1232      486
     1229      485      374      485     1230      485
     1211      507      374      483      377      483
     1228      486      374      485      374      484
     1230      486      398      460      373      484
      378      481      374      484      373      485
      373      484      400      459      375      483
      399      459      374      485      375      482
      373      486      373      484      374      485
      378      481      372      485      373      485
      374      483      399      460      373      485
      375      483      374      484      374      484
      375      483      399      459      374      488
     1227      486      375      484      375      483
      374      484      373      484      373      485
      399      462      372      485     1230      486
      404      454      373      485      373      483
      376      484      372      485      372      485
      374      485      373      485     1231      485
     1230      486      373      485      374      485
      373      484      400      460      373      485
      371      485      375      484      373      485
     1231      490      369      484      374      488
      395      459      373      485      373      485
      376      484      374      483      373      486
      373      483      400      459      373      485
      373      484      374      485      380      480
      399      459      373      485      373      483
      374      484      374      484      374      484
      374      484      375      484      374      484
      374      483      399      461      374      483
      374      484      399      460      373      484
      401      458      374      484      376      483
      372      484      374      485      398      460
      373      485      374      487      372      484
      374      485      373      484      372      485
      373      485      373      485      399      459
      374      484      399      460      374      483
      374      484      380      478      399      461
      397      460      373      485      399      459
      400      460      373      484      374      484
      373      484     1231      485      376      488
     1225      485      376      483     1231      485
      400      459      375      483     1204      511
    13221     3515     1657      486     1230      485
     1232      489      370      484      372      485
      374      484     1233      484      372      485
      401      458     1231      484     1231      485
      376      488     1225      486      375      485
      373      485     1230      484     1232      483
      375      485     1230      485     1236      480
      376      484      374      484     1230      485
      373      485      374      484     1230      487
      373      484      375      488      394      460
      373      485      398      459      374      484
      374      484      376      483      400      459
      374      487      378      478      373      483
      401      458      400      469      363      484
      376      483      373      484      375      484
      374      485      373      484      376      483
      398      461      372      484      399      460
      374      483      380      479     1233      484
      399      459      373      485      373      484
      374      483      375      484      399      459
      399      459     1232      491      368      483
      376      483      373      485      373      484
      375      484      372      486      399      459
      372      485     1231      486     1231      489
      371      484      400      459      374      484
      373      485      374      484      372      484
      400      459      373      485     1230      485
      376      485      376      481      372      485
      400      460      371      487      373      485
      373      483      374      485      374      482
      375      484      374      485      372      486
      374      491      369      483      373      483
      375      484      376      483      371      486
      373      486      372      485      374      484
      374      485      374      483      373      485
      401      459      371      486      373      483
      379      482      372      485      399      459
      373      485      373      485      373      485
      374      484      374      484      373      486
      380      477      401      460      371      485
      399      459      376      483      373      484
      373      485      374      484      373      485
      374      484      399      459      374      489
      371      484      372      484      375      483
      375      485      373      483      376      483
      373      487      217       13       11        7
       13        6       10       10       10       10
       10       10       10       10       10       25      476
      122       16       10        7       10       10
       10       10       10       10       10       10
       10       10       10       10       10       10
       10       26       15       10       10        4      484
        6        8       10       10       10       10
       10       10       10       10       10       10
       10       10       10       10       10       10
       10       10       10     1032      485      372      486
     1228      486      372      485     1231      484
      401      459      374      484     1233      484
  1533720     3487     1655      486     1231      486
     1235      480      398      461      372      485
      374      484     1231      486      374      485
      373      483     1207      511     1229      491
      368      485     1232      485      374      484
      398      461     1228      486     1232      486
      373      485     1234      480     1231      485
      374      486      371      485     1231      485
      399      461      373      484     1230      486
      373      490      394      458      377      483
      372      486      375      484      375      483
      371      486      372      486      373      485
      373      485      372      486      373      485
      373      486      372      486      375      483
      398      459      376      484      375      483
      372      485      373      485     1230      486
      375      482      374      485      374      484
      372      486      373      485     1230      487
      372      485      373      485      374      485
      375      484      373      484      376      483
      398      466     1226      484      399      459
      372      486      375      485      371      485
      372      485      373      485      374      484
      374      485     1234      482     1229      487
      398      461      372      485      374      484
      373      485      373      484      376      485
      373      484      372      484     1233      485
      373      485      372      486      373      485
      373      485      375      484      397      461
      373      483      399      460      399      459
      398      461      373      490      367      486
      398      460      375      484      373      486
      372      484      397      462      374      484
      373      485      374      484      373      484
      373      485      377      481      373      485
      373      485      373      485      399      460
      373      485      374      485      371      485
      375      484      373      485      373      485
      374      484      374      483      374      485
      375      482      401      460      398      460
      371      485      373      486      399      460
      399      460      373      484      373      484
      398      466      367      485      373      485
      374      484      374      485      371      487
      372      485      375      486      371      484
      375      483      374      485      372      487
     1235      482      372      485     1229      486
      374      484     1231      485     1231      486
      373      485     1230      486    13217     3519
     1654      488     1238      479     1230      486
      373      486      371      484      374      484
     1230      487      374      486      370      485
     1237      482     1228      487      375      484
     1230      486      399      459      372      486
     1228      487     1231      491      369      485
     1229      484     1231      487      375      484
      370      487     1230      486      372      486
      400      459     1228      487      373      485
      372      486      372      486      376      483
      373      486      372      486      370      486
      373      485      374      484      399      465
      367      486      372      485      373      485
      374      485      398      460      376      484
      373      485      374      487      367      486
      374      484     1230      491      394      460
      371      486      374      484      374      484
      399      460     1230      487      371      488
      371      485      373      486      374      485
      379      480      371      486      373      485
     1229      486      375      484      374      484
      373      485      372      485      399      459
      374      484      399      465      368      484
     1230      487     1229      486      373      486
      398      460      373      485      373      485
      373      485      372      486      376      488
      368      485     1230      485      374      484
      373      485      398      460      373      486
      399      460      372      485      374      484
      373      485      380      479      372      485
      373      485      398      460      373      485
      400      459      371      486      374      484
      373      486      375      484      398      460
      372      489      369      485      372      486
      373      485      372      486      374      484
      373      486      397      461      372      486
      373      486      372      485      373      484
      374      489      371      483      372      486
      398      460      398      460      373      484
      377      484      371      486      372      486
      372      485      375      484      376      483
      376      481      372      486      372      486
      398      460      398      461      397      461
      372      485      372      485      376      486
      373      486      396      459      372      487
      373      485      374      484     1231      486
      372      485     1228      487      372      485
     1231      487     1229      487      373      484
     1230      486  1716851     3508     1653      486
     1234      485     1230      485      374      484
      383      475      374      483     1232      485
      400      458      373      485     1233      485
     1228      486      373      485     1236      481
      374      484      374      485     1231      484
     1232      485      400      459     1229      485
     1231      491      370      483      399      460
     1232      484      400      459      372      483
     1232      485      373      485      375      483
      375      485      376      481      375      482
      399      460      373      485      373      485
      373      484      374      485      373      486
      372      485      373      485      400      459
      374      489      369      484      373      485
      375      483      375      484      373      484
      375      483      399      459      399      459
      374      484      376      482      398      460
     1236      480      374      485      373      484
      373      486      374      483      374      485
      373      485      374      483     1232      485
      374      484      378      480      374      485
      398      459      401      460      372      485
      374      484      396      461     1231      485
     1230      487      373      489      370      483
      375      484      373      484      372      487
      398      459      372      486      374      484
     1234      485      371      484      374      485
      374      484      374      483      375      485
      374      483      374      484      399      459
      399      460      374      485      372      484
      374      486      374      484      372      485
      377      480      374      485      374      484
      373      485      399      459      374      484
      375      484      372      485      374      484
      401      459      371      486      374      489
      368      484      373      485      374      484
      373      485      374      484      374      484
      374      484      376      485      372      484
      373      485      400      459      397      466
      396      459      374      483      375      483
      375      485      372      485      374      484
      400      460      373      483      373      486
      376      483      372      485      373      485
      380      477      374      485      372      486
      398      459      374      485      374      484
      374      484     1231      486      372      484
     1240      480      372      484     1231      486
      372      484      373      486     1230      485
    13224     3487     1670      486     1241      485
     1233      485      374      490      367      484
      374      485     1231      485      375      484
      373      484     1233      485     1230      484
      373      486     1238      478      373      485
      373      486     1229      486     1232      486
      371      484     1207      510     1240      478
      397      460      374      485     1231      485
      372      485      376      483     1231      485
      373      485      372      485      399      467
      365      485      374      485      372      485
      372      486      376      483      399      459
      374      484      373      484      375      484
      373      486      397      460      381      478
      373      483      375      484      373      485
      399      461      371      485      375      484
      374      484      373      486      372      485
      374      495      363      491     1199      510
      374      484      374      484      375      484
      398      460      375      484      373      486
      396      462     1229      486      397      467
      367      484      374      484      376      484
      373      485      374      484      372      483
      378      483     1228      487     1231      485
      405      453      372      486      373      486
      398      458      374      486      372      485
      373      485      376      484     1230      485
      374      484      398      466      393      459
      397      461      374      483      375      486
      373      485      373      484      372      485
      373      485      374      484      375      483
      374      483      376      491      392      459
      373      485      399      459      373      485
      399      459      374      484      374      485
      399      459      373      486      373      484
      398      460      400      459      372      485
      373      485      372      486      376      484
      372      485      372      486      373      484
      374      484      375      483      373      485
      374      493      364      485      374      485
      372      485      374      484      374      484
      374      485      373      485      374      484
      400      460      374      483      400      459
      372      484      399      459      400      459
      372      485      399      460      400      459
      374      484      374      484      373      484
     1231      486      370      487     1239      478
      374      483     1234      484      398      460
      373      485     1231      483  1125955

   334500     3512     1656      486     1233      483
     1232      486      371      485      374      484
      373      485     1239      477      373      486
      372      486     1230      486     1232      485
      373      488     1226      486      372      486
      374      484     1231      487     1228      486
      373      486     1231      487     1226      488
      373      485      374      493     1221      486
      372      487      372      484     1233      486
      372      486      373      486      372      485
      372      484      373      486      404      455
      372      485      372      486      373      485
      373      485      375      485      372      486
      373      485      372      486      372      485
      373      485      372      492      366      486
      372      486      372      486     1230      486
      373      485      372      486      373      485
      372      485      374      486     1231      494
      363      486      372      485      399      460
      398      461      373      486      370      485
      375      485     1229      486      398      460
      374      485      378      479      373      485
      376      483      373      485      372      486
      374      484     1230      486     1230      487
      372      485      398      468      365      485
      384      474      374      485      372      486
      374      486      370      486     1232      486
      395      462      371      486      374      483
      373      493      367      484      398      461
      372      486      373      485      373      486
      371      486      372      487      397      460
      373      488      368      487      373      484
      381      480      372      483      373      486
      372      486      398      461      372      486
      372      484      377      484      373      485
      371      485      373      485      374      484
      374      485      372      485      373      486
      372      485      374      486      375      485
      371      484      374      484      375      484
      373      485      372      485      373      485
      375      485      370      488      371      487
      373      484      374      485      372      485
      374      484      374      486      372      486
      396      460      372      486      374      485
      374      484      372      487      371      486
      372      487      398      459      374      486
     1228      486      374      484     1232      494
      363      486     1230      486     1230      485
      375      484     1229      487    13225     3509
      447     1210      487     1229      487     1231      504
      352      495      364      487      373      485
     1229      486      373      485      373      486
     1229      487     1228      487      374      485
     1237      479      374      484      373      485
     1232      487       17       70       77      157
      123       76       83       94       55      156
      233       76        7      490      108       75
      156       30      488      148      124       75
      126       76       76      605      487     1231      489
      372      485      374      484     1227      485
       21       11        9       10       17       15
        6       11       10       10       10       10
       10       10       10      207      483       10
       16       10       10       10       10       10
       10       10       10       10       10       10
       10       10       10       10       10       10
       10       10       10       10       10       10
       10       10       10       83      489        7
       15       10       10       10       10       10
       10       10       10        9       11       10
       10       10       10       10       10       10
       10       10       10       10       10       10
       10       10       10      146       15       10
       10        9       10       10       10       11
        9       11        9       10        9       12
        9       11       10       10       10        9
       11        9       10       11        9       11
       10      144       14       10       10       10
       10       10       10       10       10       10
       10       10       10       10       10       10
       10       10       10       10       10       10
       10       10       10       10       10      108      485
        7       10       10       10       10       10
       10       10       10       11        9       10
       10       11        9       10       11        9
       10       10       10       10       10       10
       10       10       11      107      483      373      484
      373      488      370      486      373      485
      400      461      372      484      374      485
      372      486      373      485      399      461
      398      460      371      486      373      483
      373      486      373      485      374      485
      373      485      372      485      374      484
     1230      487      398      460      373      487
      371      485      374      485      373      485
     1230      487      371      486      374      484
      377      482      373      484      373      485
      375      483      372      487     1229      487
      372      485      374      484      374      485
      399      457      375      485      372      486
      372      486      374      485     1229      486
     1239      478      397      459      375      485
      372      485      373      485      399      460
      371      486      374      484      373      485
     1232      486      371      486      375      483
      374      486      372      486      370      485
      373      486      373      484      374      486
      372      486      372      484      374      486
      398      459      375      494      363      486
      371      486      373      484      399      461
      372      485      374      483      374      485
      373      485      400      460      374      484
      375      483      379      477      374      485
      375      484      372      486      370      487
      373      485      374      484      374      484
      372      486      373      485      372      487
      372      486      374      485      373      484
      371      486      374      485      372      485
      374      485      374      484      374      484
      373      485      375      485      372      485
      399      467      363      486      373      486
      399      460      372      485      372      485
      373      486      398      460      373      485
      396      462     1205      512      381      477
     1228      488      372      485     1230      487
     1228      488      373      485     1231      487
   339797

        0       24       10       12        7       17
        6        8       17       13        9       25
        6       10       18       61        7        9
       11       10       21        8       11        9
       11       10       10       10        9       11
       25        7        7       10       10       10
       10       10      408       12       10       11
        9       10       10       10       10       10
       10       10       10       10       10       10
       68       25       35        8       10       18
       12        9       10       10       10       10
       10       11       10       10       11        9
        9       21        9       10       10       10
      251       14       10       10       10       10
       10       10       10       10       10       10
       10       10       10       10       10       10
       10       10       10       10       10       10
       10        9       11       10  1492967     3498
     1656      486     1239      477     1231      486
      372      484      376      485      373      485
     1228      486      372      486      373      485
     1213      503     1231      487      373      485
     1229      486      372      486      373      485
     1230      487     1230      492      368      484
     1229      486     1230      486      374      485
      373      485     1232      484      400      461
      369      485     1238      479      374      484
      374      485      373      486      372      484
      374      484      373      486      375      484
      372      484      373      486      375      483
      380      477      375      484      373      485
      374      484      374      485      372      485
      373      485      373      486      374      484
      372      486      373      484      399      466
      367      485      374      483      374      485
      375      484     1230      485      373      485
      373      485      373      485      374      484
      375      483      372      487      375      483
     1232      484      372      486      372      485
      373      486      374      483      375      485
      373      485      375      484      371      485
     1238      478     1232      484      399      460
      373      485      398      459      374      485
      374      484      373      485      373      485
      399      466     1225      486      372      484
      373      488      369      486      375      485
      373      484      372      486      373      485
      374      483      375      484      400      460
      371      486      372      485      376      484
      371      485      373      485      373      485
      399      459      399      461      372      485
      373      485      374      484      380      478
      372      486      376      483      372      485
      374      484      373      486      374      484
      373      484      375      483      399      460
      398      460      373      493      369      482
      372      485      375      483      374      486
      372      484      375      483      382      477
      373      484      375      484      372      485
      375      484      376      483      373      484
      374      483      377      484      373      482
      375      484      374      484      373      486
      398      460      373      485      373      484
      373      485      380      478     1230      488
      372      485     1207      511      372      484
     1230      486      374      484      374      484
     1237      479    13252     3459     1670      485
     1241      485     1232      486      372      486
      399      459      374      484     1231      485
      377      483      397      460     1233      485
     1227      487      373      485     1205      512
      372      485      400      459     1230      486
     1239      478      372      485     1230      486
     1231      487      371      485      374      484
     1231      487      372      484      401      459
     1229      485      399      459      374      484
      374      484      373      486      398      459
      373      486      374      484      398      460
      373      485      373      486      373      484
      374      484      374      484      399      472
      361      485      373      485      373      485
      398      460      374      483      375      484
      399      459      373      486      373      484
      372      486      375      483      374      485
     1231      485      398      460      373      485
      372      486      375      483      375      490
      368      484      399      460     1229      485
      399      460      373      484      374      485
      374      485      374      483      374      485
      372      485      375      491     1223      485
     1230      486      374      484      373      485
      398      461      375      483      372      485
      375      483      375      484      383      477
     1228      486      399      459      373      483
      375      484      375      485      398      460
      375      484      374      484      373      485
      397      467      367      483      375      482
      375      485      375      484      373      484
      373      485      373      485      373      485
      374      484      375      484      373      484
      373      492      369      484      399      460
      373      485      372      484      373      485
      374      484      372      486      374      484
      375      483      401      459      374      484
      379      477      398      461      373      484
      374      485      374      484      373      484
      374      484      374      485      376      484
      370      487      373      484      399      467
      367      483      401      459      373      485
      375      483      371      485      374      485
      373      485      373      485      373      485
      376      483      374      484      399      467
      363      486     1230      486      375      484
     1232      485      372      485     1231      486
      374      484      374      483     1238      478
